S = 4;
R = 4;
F = 3;
P = 5;
W = 2;
T = 3;
U = 4;
N = 5;
cp = 0;
vr = [0.90267805 0.7197929  0.84227879 0.84236751];
cf0 = [[[[7300 1157 2768]
   [4789 9333 2382]
   [6807 7738 6760]
   [1077 3963 3699]]

  [[2287 8941 9851]
   [7042 4717 8330]
   [4919 8321 6399]
   [8039 2119 4567]]

  [[5095 2020 5772]
   [2526 5637 9791]
   [7731 9931 5397]
   [4960 9904 2640]]]


 [[[3698 3623 6427]
   [6132 2568 9774]
   [7364 3499 4405]
   [2926 9400 9406]]

  [[8269 8634 6837]
   [9165 9962 1074]
   [6692 1471 2678]
   [6552 6298 2362]]

  [[5449 9922 1092]
   [6896 6091 6101]
   [6074 2708 4791]
   [1288 2770 7559]]]


 [[[3836 8118 3298]
   [5503 7891 3849]
   [2749 9073 1040]
   [8132 2566 1253]]

  [[2597 2519 3176]
   [4288 3203 4362]
   [2709 3055 9258]
   [9279 4125 8147]]

  [[9950 6930 9856]
   [8051 2145 5017]
   [7909 5583 9373]
   [3127 6921 7759]]]


 [[[2810 4159 8461]
   [4069 9310 4351]
   [6240 8634 3496]
   [5387 1524 7779]]

  [[2363 1735 5253]
   [5083 6693 5483]
   [7932 3521 3864]
   [8850 4128 5759]]

  [[7284 1614 3344]
   [8582 7923 5418]
   [5231 2036 9835]
   [3853 8237 3579]]]];
vp = [1.69118987 1.22877163 1.6295672  1.99316713 1.16097133];
s = [[2797 1037 2230]
 [2147 2444 1949]
 [ 768 2288 1141]
 [2249 1087 2794]
 [2584  969 1518]];
csu = [[1102  902 2721]
 [1924 3583  727]
 [2763 2008 4790]
 [ 972 3258 3520]
 [4445 1031 4337]];
pms = [[2380 2065 1164 1674]
 [1906 2461 1946 2052]
 [1839  918  920 1433]
 [2036 2456 1223 1336]];
kp = [[190 164]
 [134 303]
 [169 285]
 [487 122]
 [412 205]];
EMT = [0.07355547 0.05950572 0.03150718];
cf2 = [[[[6266 9230 7598 9988 8759]
   [3250 2644 8539 2554 7960]]

  [[5814 9864 7862 3480 8061]
   [8683 7614 5468 6275 7506]]

  [[2266 1981 6474 9873 1817]
   [3540 7738 3920 9487 4965]]]


 [[[2496 8776 1760 7759 1238]
   [9914 1054 4307 2527 9703]]

  [[1036 3587 8557 1376 6940]
   [2737 8208 7527 8307 7206]]

  [[2430 3531 8940 4372 3327]
   [6744 7925 2449 5380 6588]]]


 [[[4429 9190 1900 2725 3018]
   [6666 7770 4158 2759 8706]]

  [[2334 5101 8429 8490 4679]
   [5069 1658 7854 1457 1147]]

  [[5101 2541 6037 2342 2165]
   [8504 1096 7917 7262 6726]]]


 [[[6650 9664 4920 4588 8077]
   [4334 6634 5051 9667 6891]]

  [[4260 4936 5833 1045 1947]
   [1445 1404 2820 5924 2233]]

  [[2712 2214 3633 4607 2372]
   [2636 2815 6925 7280 3595]]]


 [[[8804 6020 8149 1212 1073]
   [4606 7972 9403 2723 4040]]

  [[5375 3918 5638 7492 4009]
   [6092 3201 2401 3415 8032]]

  [[6112 8721 7900 5363 2032]
   [8531 9954 2227 3128 6063]]]];
cf11 = [[[[4634 4056]
   [2894 8104]
   [9302 4359]
   [5380 7894]]

  [[3744 1744]
   [8836 3213]
   [3879 6835]
   [7212 8245]]

  [[5761 9648]
   [5449 3357]
   [4507 7748]
   [6221 2944]]]


 [[[8248 5081]
   [3018 2074]
   [2638 2024]
   [8934 4280]]

  [[5914 8975]
   [7060 3201]
   [9865 6452]
   [8762 3211]]

  [[3435 9261]
   [8070 1226]
   [5284 2364]
   [2385 7993]]]


 [[[4835 1710]
   [4598 5766]
   [3915 4940]
   [3577 6112]]

  [[5149 6605]
   [5598 1750]
   [3057 4450]
   [9172 1672]]

  [[7517 3759]
   [9310 2309]
   [5024 8383]
   [9001 8417]]]


 [[[1854 5510]
   [8680 3152]
   [2777 2478]
   [4429 6264]]

  [[9907 4435]
   [9150 8499]
   [4993 4826]
   [8417 4796]]

  [[8307 8620]
   [2155 6773]
   [9214 8492]
   [1048 5178]]]


 [[[2819 8109]
   [5949 3112]
   [8524 9752]
   [1656 9932]]

  [[1819 7064]
   [9038 7406]
   [4315 3816]
   [8951 8591]]

  [[8399 2016]
   [9681 2270]
   [6006 7116]
   [2656 8069]]]];
cf1 = [[[[5523 3636]
   [4991 2035]
   [4475 2760]]

  [[4091 7074]
   [7855 7807]
   [7483 6582]]

  [[8951 8657]
   [6926 1633]
   [8780 2804]]]


 [[[8245 1418]
   [5056 5161]
   [7814 6588]]

  [[4399 3870]
   [6710 2409]
   [3276 2954]]

  [[1848 6246]
   [4944 4815]
   [4487 6245]]]


 [[[8129 3218]
   [6419 8945]
   [4687 4888]]

  [[7660 4109]
   [5056 6039]
   [3315 8290]]

  [[3505 7937]
   [7745 6097]
   [9039 3793]]]


 [[[4057 9295]
   [8188 5540]
   [1265 4574]]

  [[4602 9293]
   [3913 3713]
   [9792 8676]]

  [[9802 6413]
   [1794 9374]
   [5684 6974]]]


 [[[6050 6709]
   [2984 8907]
   [7325 3323]]

  [[1441 8641]
   [9911 3894]
   [3453 6542]]

  [[4997 4801]
   [8567 6970]
   [1573 4854]]]];
cap = [22160 44436 41278];
CPS = [[32397 33185 31789 13396]
 [47522 95600 74565 63151]
 [56352  1402 98372 96190]
 [56311 16073 56353 14144]];
EMS = [[0.24796386 0.11875487 0.84526043 0.88101724]
 [0.40391071 0.6482192  0.93891506 0.81403198]
 [0.29598342 0.51370536 0.26874884 0.29570054]
 [0.34106671 0.41375614 0.37489179 0.84068594]];
EMSS = [[0.31382893 0.94230954 0.8458889  0.75197956]
 [0.23126481 0.2085746  0.41433069 0.71720051]
 [0.7553667  0.44606284 0.73476214 0.70785542]
 [0.65734036 0.2342844  0.78778798 0.70433694]];
SLC = [7560 8395 9530 5113];
spl = [4578 9331 5091 1573];
PRS = [[2042  691 1235 1298]
 [1538 1067 2464 1251]
 [2194  617 2058 1114]
 [ 814 1666 1738 2426]];
CR = [[3 1 3 1 2]
 [3 3 1 3 3]
 [2 3 2 2 3]
 [3 1 2 1 1]];
CPF = [[367752 455391 364934]
 [368845 328309 373289]
 [447542 432387 381237]
 [471817 424267 400631]
 [370095 416188 361247]];
cpfs = [[792165 305291 380211 371993]
 [600728 747012 821312 889410]
 [291373 225241 765642 140009]
 [605023 450339 361451 686538]
 [765586 393708 310827 568372]];

ACF = [591756817 269035464 238137467];
VCF = [[656 306 230]
 [533 650 621]
 [535 395 329]
 [507 551 264]
 [580 445 546]];
vcu = [[281 315 265 301]
 [304 116 124 211]
 [348 315 204 224]
 [181 272 239 114]
 [201 302 217 182]];
EMP = [[0.46952032 0.18617338 0.20739334]
 [0.67657931 0.79092073 0.12565525]
 [0.435774   0.51133283 0.61013644]
 [0.32594818 0.46901304 0.78117736]
 [0.74447551 0.23337122 0.3452286 ]];
eup = [[0.33824434 0.70226748 0.10508676 0.99421592]
 [0.81201658 0.96896303 0.1641292  0.71463923]
 [0.25057988 0.62507717 0.91188729 0.55004706]
 [0.43694602 0.70324256 0.8602474  0.56977361]
 [0.26391283 0.98098275 0.361145   0.86620526]];
CPW = [[507337762 400357920]
 [655372942 450384602]
 [636961976 330863966]
 [477436934 357739094]
 [274761339 871514366]];

ACW = [626604 419016];

TCS = [[[[ 5.67413919  8.88257118 14.87429029]
   [ 0.76060875  2.82086124  1.56520914]
   [12.76570644  9.08886279  7.83351511]]

  [[ 2.96911301  1.37024711  5.56548085]
   [ 4.20887261  9.65944552  6.18005797]
   [ 3.10470958  5.85982521  2.66349553]]

  [[ 5.84167949  7.3437086  12.28936462]
   [ 5.72869326 11.68646562  5.78694237]
   [12.6453712   8.54614302 11.62065954]]

  [[ 3.45938956  1.31980914  2.21249933]
   [ 1.40237989  1.81541833 13.3921269 ]
   [10.00425819 14.75350486 13.25032412]]]


 [[[10.08891908  8.21315277 11.77588215]
   [ 5.55207941 13.06649583  8.33747018]
   [ 3.76029834  8.91960563  7.07521865]]

  [[ 2.20140934 14.70385049 11.40846803]
   [ 2.40186232 13.82017559  6.19705397]
   [ 5.70994615  4.70754224  4.89664396]]

  [[ 0.91097026  4.53766842  8.76171434]
   [14.38572172  7.0752506  10.07815309]
   [ 8.9474594   2.74711394  0.7508528 ]]

  [[ 1.13361472  5.25657811  1.00662112]
   [ 9.47616391 13.36638264  0.60177555]
   [ 6.28972564  7.68423585  5.18377485]]]


 [[[13.61446935  7.27830387 11.01265073]
   [ 4.71271138 13.75484577  7.64079293]
   [ 8.68262053  2.14720349  7.63341253]]

  [[ 2.31765511  9.06735201  6.15865539]
   [ 2.59242541  3.87327932  9.80473218]
   [ 2.29952864 14.2742518   6.41856369]]

  [[ 8.35196025  2.06214681 11.42668638]
   [ 9.22266238 11.51896258  8.71412604]
   [ 5.12767706  4.92062885  6.07270506]]

  [[13.40769708  3.8785783   5.68696938]
   [ 2.37830723  2.19125315  3.00828992]
   [11.95745451  4.6185902   2.36846855]]]


 [[[ 0.88950747 13.35228037  5.86409262]
   [ 1.32225421  7.14005482  2.25831588]
   [ 1.72540724  5.58678082  1.70021686]]

  [[ 7.25177543 11.02041615 14.03949574]
   [ 4.56015675  5.1144148   5.8796184 ]
   [13.10912544 11.80222881  1.29196802]]

  [[ 6.962573   14.38358726 14.51986549]
   [ 5.03409342 12.89942858  6.79788811]
   [ 4.26946977 14.87976263  7.94800257]]

  [[14.41703762  4.00438104  9.78828669]
   [11.35571308 14.08293826  1.44038065]
   [ 8.99027727  1.63649821  9.61187276]]]];
DTS = [[[2373.12588776 1679.8079232   210.60521471]
  [1782.96811738 2251.82753849 1610.25060914]
  [2544.59213083  832.82554548  491.20562182]
  [1159.58056911 1231.62359644  809.03177319]]

 [[2620.66973315  401.30928497 1282.05291636]
  [1425.62196887  342.3495023  1662.81927487]
  [ 727.18366789 2137.18313451 2727.47530181]
  [1329.49612794 1415.97739899  482.91759506]]

 [[ 369.29514739 2970.20303336 1783.81952496]
  [2809.38197066 1529.1340203  1682.5401416 ]
  [2464.07489265 1823.04323252  688.1863506 ]
  [ 625.40289277  567.50281143  894.66093353]]];
TCF = [[[[ 52.37353935 146.79108849]
   [ 85.0798432   81.94847552]
   [110.6673234   93.8433042 ]]

  [[ 67.20371184  72.05942955]
   [ 53.63926232  79.32229466]
   [131.53031827 108.40284824]]

  [[ 83.64725992 100.44786532]
   [ 52.17029295  52.17498061]
   [146.25650222  98.10230943]]]


 [[[113.43521255 140.90395751]
   [111.52306344 100.32338138]
   [122.34210344 131.71522783]]

  [[ 51.24339853 117.27344247]
   [122.77218462 107.76530732]
   [113.52890849 118.06502152]]

  [[107.75462207 138.48208321]
   [ 75.7923584  112.34561451]
   [104.96831024 125.2730246 ]]]


 [[[134.97120181  68.41855809]
   [130.05377651 130.30068846]
   [ 92.03169996  63.40623702]]

  [[143.06342378  79.48598743]
   [ 85.4032398   61.16689951]
   [ 94.12491977  64.33686321]]

  [[120.04538027  86.44218349]
   [101.24196066  84.0796394 ]
   [ 67.35838533 116.9657597 ]]]


 [[[ 58.7082894  117.99404236]
   [ 62.14880017 115.66843879]
   [ 70.03217114  84.64323665]]

  [[ 71.28911136 118.24425236]
   [ 96.48080236 127.35917417]
   [137.25088806 115.77245301]]

  [[127.05905601  54.87929026]
   [ 98.29428897  91.62164125]
   [ 87.55474452 123.24867262]]]


 [[[119.54673926 102.0072455 ]
   [ 96.55029192 143.6721744 ]
   [ 89.8687215   53.44215321]]

  [[ 56.97755343  79.60127846]
   [133.64364076 115.99713843]
   [ 89.97870172 113.11103947]]

  [[144.47527844  62.2102763 ]
   [ 76.736517    57.36100519]
   [ 77.7534947  145.03354366]]]];
TCFS = [[[[225.34853523 227.3078904 ]
   [232.86007494 225.29071945]
   [179.83392555 213.66315885]
   [155.19569672 247.94664983]]

  [[162.08856495 111.70630849]
   [208.96203668 207.42694845]
   [171.43581743 122.9241518 ]
   [189.95159244 186.40061651]]

  [[189.35170184 182.77385373]
   [ 79.95584149  89.7799417 ]
   [126.72458591 172.17530824]
   [137.48524497 144.43060979]]]


 [[[245.06402332 207.07149715]
   [210.94949663  93.45807419]
   [ 76.15167513  83.23276024]
   [137.46449039  94.44460149]]

  [[194.7639815  115.49501425]
   [161.047036    82.25967582]
   [141.75593049  75.47080713]
   [150.97382271 185.09335982]]

  [[184.79182003 241.14785729]
   [ 88.60874004 226.8433813 ]
   [213.51953251 199.71599238]
   [167.42247293 115.42172044]]]


 [[[153.9993435  214.00574853]
   [224.26981314 137.37549444]
   [113.56100838 235.52636774]
   [153.66443543 139.51287144]]

  [[200.57745113  89.02512161]
   [111.09434842 113.80324707]
   [118.71361547 121.83302102]
   [ 87.69993289  88.45047003]]

  [[229.33544615 164.11719661]
   [184.38286451  92.60585779]
   [174.15339165 171.92484955]
   [ 99.52655392  86.75948865]]]


 [[[105.95998209 181.44153552]
   [ 95.74424274 233.63895685]
   [ 93.02634386 106.64530066]
   [206.90288725 161.56675796]]

  [[103.56802283 236.91200497]
   [100.23434578 149.58609654]
   [166.82980081 182.59313711]
   [100.99592594 196.31244789]]

  [[178.26575225  95.89575781]
   [181.06208381 107.58160771]
   [225.47269865  85.05334695]
   [233.0457144  192.28006434]]]


 [[[136.25244982 223.91872783]
   [ 94.69060943 224.32978083]
   [229.98463513 234.41628807]
   [114.7005035  104.80737198]]

  [[179.97845128  76.56163466]
   [159.32061642 136.65967124]
   [133.89895994 195.09718674]
   [205.55252021 179.88706877]]

  [[207.63542217  97.58371328]
   [188.02619074 212.62880299]
   [196.09795643 139.03581757]
   [101.77381866 125.83222214]]]];
DTF = [[[ 85.93091625 270.05507224]
  [252.7990271  204.64784769]
  [142.39079793 244.77584187]]

 [[211.80316146  99.10117567]
  [ 99.78252685  50.47218086]
  [200.4951698  246.80381225]]

 [[205.53480529  74.07990628]
  [244.18083231 156.49403643]
  [181.82845584 141.56470685]]];
DTFS = [[[3515.49347391 7277.73217161]
  [4378.04891031 6911.53798698]
  [3259.36439682 6703.91069234]
  [1272.91584878 4212.69464636]]

 [[1903.83761545 1631.23058232]
  [1360.40317536 1119.52222429]
  [5458.64046755 4317.852802  ]
  [3216.5057222  4790.24855149]]

 [[5218.0070007   411.42087113]
  [4172.25265202 2564.88867684]
  [3282.77836729  415.6992556 ]
  [1844.88211004  606.73258597]]];
TCW = [[[[ 61.10868126  51.08626841  10.97864693  26.48769466 140.37794599]
   [ 24.7244343  134.95374838  91.27280764 125.07870818  39.39173958]]

  [[ 42.03796667  36.25871174 103.94409462 134.25667609  37.04777806]
   [ 94.40800475 146.66642578 127.47976435 121.61862431 128.09906401]]

  [[ 81.56429793  80.96951887  83.43184816  45.23406491 107.33406768]
   [ 94.514469    47.72877833  18.50856568  75.96794693 129.16833975]]]


 [[[ 30.24263161 107.95501578  65.099807    79.22384087  17.66718054]
   [ 38.67773039  94.88594893 112.8423609   51.20818787  97.36381901]]

  [[ 22.52007723  78.25530809  74.20506738 120.4548936   39.21676556]
   [ 99.77377353 110.08665133  11.52722215 103.5675281   63.94993942]]

  [[ 16.75323072  75.31080818  25.67710701  61.45006917 141.53064904]
   [ 83.56856795 128.81279921  74.79017309  56.69407067 111.29863076]]]


 [[[  8.05958259  40.7712904   97.5356928  108.33421256  94.3467977 ]
   [ 67.85244795 127.74032433  39.89546858  73.57101309 105.13143832]]

  [[ 31.70381007  50.69484904  76.71665264 124.21675695  37.01078   ]
   [111.23453437 143.02594479 125.41387692 100.25435493 126.74558663]]

  [[ 90.72980698  20.34643402  45.06344767  78.74946562   4.81696821]
   [ 28.38624694  61.50173483 126.96475084  73.79894106  67.4796606 ]]]


 [[[102.69062128 123.23379948 132.83671006  60.23798794 145.79624625]
   [ 43.95671658 127.06892764  44.41616057  38.62432232 130.65359072]]

  [[130.37179629 100.40598767  84.6269304   92.547426    68.29754274]
   [122.78983878  45.73863055  91.65494064  68.97659215  82.55914903]]

  [[  6.79126535 136.43271687 132.7569447  103.68118677 120.59665909]
   [ 38.09605987  62.71355675  97.41086896 108.52003707  82.13606866]]]


 [[[ 81.22564653  28.38944177 135.9141861   74.63858123 138.88140019]
   [ 68.62138624  47.8390215   78.28862028 113.3488839   44.60335449]]

  [[147.55425859  99.13679591  43.09217127  80.08981266 139.2998871 ]
   [ 66.98303162  81.43686395  45.41548141 144.15550337 109.84980919]]

  [[ 54.9354624  147.05953975  35.21960864  48.29796765 105.8906783 ]
   [138.95434003  17.09516277 136.9517291  136.62188111  39.13797894]]]];
DTW = [[[733 477 596 353 505]
  [639 468 766 886 717]]

 [[886 430 973 436 321]
  [813 781 606 366 827]]

 [[861 448 878 575 421]
  [357 824 932 778 536]]];
DM = [[1895 2558 2478  832  931]
 [1394 1823 2755 2302  769]
 [2898 2942  807 2826  896]
 [1005 2806 2229 2729  767]
 [ 923 2189  844 1566  829]];
