/*********************************************
 * OPL 20.1.0.0 Data
 * Author: epmezatio
 * Creation Date: 15 sept. 2021 at 12:34:15
 *********************************************/

 // indices
 
 S = 4; // fournisseurs
 R = 50; // matières premières -- oil,coal and ingredients
 F = 13; // sites de production
 P = 50; // produits finis
 W = 4; // entrepot, zone de dépôts
 T = 3; // moyen de transport
 N = 20; // nombres de clients
 cp=229;
 
 CPS = [[70128002 10097028 54823619 99856487]
 [45487015 67017681 97480565 53908034],
 [66675036 97609658  4646159 71254318],
 [83778958 46318823 42751913 58746762],
 [73752748 56695487 31908879 96756598],
 [96080254 88173227 87662765 63310396],
 [56932934   693599 15315864 78432353],
 [20991573 81763963 46903333  8086955],
 [72231418 36431453 87067071 71230548],
 [84857290 22950068   900107 44057810],
 [38711932 97589406 26591126 49655338],
 [52405727 80517213 76596785 21495294],
 [84157790 83778563 68573911 58595187],
 [ 1302585 31647086 99754768 77486851],
 [16981931 63759320 90194373 10089175],
 [11088768 20912577 34583202 43916475],
 [74577028 47323594 15288786 31709310],
 [ 1327110 24501069 23163500 10795730],
 [29182850 68696581 41961065 90318223],
 [63437602 40900422 18272199 17671025],
 [69167517 72457290 84932469 87217838],
 [  689083 45488232 27154671 81466614],
 [32996005 87660655 40954697   286386],
 [63147563 54443441   669954 43643011],
 [35938728 34098641 34086809 21896070],
 [81911683 48297906 84575064 95033649],
 [95949013 65069164 54400546 38456483],
 [ 7530853 79357240 72904771 61185981],
 [31522164 72422541 10256237 58868752],
 [64959465 19628275 34376069  6902731],
 [30615139 15863514 37272964 30284499],
 [15939558 77383738 60941912 16004969],
 [82932266 54678170 17189089 96449496],
 [54808768 33894371  4023989  3991615],
 [66528835 91258093 55359432  4390629],
 [67085177  2192411 30707448 60565012],
 [64416920 65298329 50632419 30047886],
 [13979467 89865040 80778951 60587762],
 [22212357 26666770  6276844 22184079],
 [38822920 76252208 76200114 59817449],
 [56856705 98113891 65525867 17600397],
 [89483500 15840987 16723349 88084067],
 [62498645 60298036 81477385 96605094],
 [17258915 58063017 23190771 20670561],
 [31479950 72932954 71276189 91991321],
 [45999723 94235288 36496568 36533493],
 [ 4880607 56773549 68842762 52923091],
 [63747854 46285560 90549276 81744531],
 [73052335 44158050 28567279 52802336],
 [ 1955644 90738982 93572175 59276991]];
 
 
 SLC = [25041 12533 16338 24308];
 
 //EMS = [[2.10 2.10 2.10],[7.51 7.51 7.51],[1.30 1.30 1.30]];

 PRS = [[15217 13458 15815 13641],
 [23125 10641 21451 12255],
 [13999  7743 16424 11376],
 [18989  8448 18595  8657],
 [17453 11686 17358 13521],
 [20998  9343 23993 19548],
 [10636  9517  9101 11153],
 [18682 11146 10035  6410],
 [ 5035 24804 19053 18278],
 [10672 22483 23820 10073],
 [18739  9497 18989 13470],
 [22080 14110 18578 12204],
 [19784 24675 24064  8184],
 [ 7770  9312  8454  7581],
 [10236  9036 18774 15102],
 [ 9862 12456 14279 14246],
 [ 9017 23173 12770 13812],
 [17562 20471  9898  8051],
 [18281  7695 11351  6246],
 [13733 22395 14460 23877],
 [ 5633 19670  9971  7754],
 [15578 13905 23820 15697],
 [24686 24873 10511  8983],
 [ 8058 14510 19522 24460],
 [12073  5944 13767 24477],
 [22739 16624 24890 14597],
 [11462  5665 12451 15200],
 [23365 13259  6503  7074],
 [13006 24655  7152 22614],
 [16049  7672 14104 12416],
 [21897 11086  7665 11023],
 [19826 11395  9475 16967],
 [15587 24401 19587 10906],
 [13057 16134 10714 15394],
 [ 8620 22012  6126 23149],
 [21035 22341 10892 12465],
 [15003 21095 11109 12639],
 [ 8774 24761 13524 11028],
 [24053  5345 18856 20145],
 [10884 22017  6482 13152],
 [14651  5146 13498 14660],
 [24350 24492 22024  8569],
 [ 7646 13601 14468 22924],
 [ 7399 24213 15194 13284],
 [11368 14971  9154 17130],
 [ 5289 24856 23488  8994],
 [17314 15756  5020 20107],
 [18453 18439 10734 19394],
 [17297  7602 14864 19500],
 [ 8008 21495 19366 20793]];
 
 CR = [[1 1 1 1 1 1 1 1 1 1 1 1 1 1 1 1 1 1 1 1 1 1 1 1 1 1 1 1 1 1 1 1 1 1 1 1 1 1 1 1 1 1 1 1 1 1 1 1 1 1],
 [1 1 1 1 1 1 1 1 1 1 1 1 1 1 1 1 1 1 1 1 1 1 1 1 1 1 1 1 1 1 1 1 1 1 1 1 1 1 1 1 1 1 1 1 1 1 1 1 1 1],
 [1 1 1 1 1 1 1 1 1 1 1 1 1 1 1 1 1 1 1 1 1 1 1 1 1 1 1 1 1 1 1 1 1 1 1 1 1 1 1 1 1 1 1 1 1 1 1 1 1 1],
 [1 1 1 1 1 1 1 1 1 1 1 1 1 1 1 1 1 1 1 1 1 1 1 1 1 1 1 1 1 1 1 1 1 1 1 1 1 1 1 1 1 1 1 1 1 1 1 1 1 1],
 [1 1 1 1 1 1 1 1 1 1 1 1 1 1 1 1 1 1 1 1 1 1 1 1 1 1 1 1 1 1 1 1 1 1 1 1 1 1 1 1 1 1 1 1 1 1 1 1 1 1],
 [1 1 1 1 1 1 1 1 1 1 1 1 1 1 1 1 1 1 1 1 1 1 1 1 1 1 1 1 1 1 1 1 1 1 1 1 1 1 1 1 1 1 1 1 1 1 1 1 1 1],
 [1 1 1 1 1 1 1 1 1 1 1 1 1 1 1 1 1 1 1 1 1 1 1 1 1 1 1 1 1 1 1 1 1 1 1 1 1 1 1 1 1 1 1 1 1 1 1 1 1 1],
 [1 1 1 1 1 1 1 1 1 1 1 1 1 1 1 1 1 1 1 1 1 1 1 1 1 1 1 1 1 1 1 1 1 1 1 1 1 1 1 1 1 1 1 1 1 1 1 1 1 1],
 [1 1 1 1 1 1 1 1 1 1 1 1 1 1 1 1 1 1 1 1 1 1 1 1 1 1 1 1 1 1 1 1 1 1 1 1 1 1 1 1 1 1 1 1 1 1 1 1 1 1],
 [1 1 1 1 1 1 1 1 1 1 1 1 1 1 1 1 1 1 1 1 1 1 1 1 1 1 1 1 1 1 1 1 1 1 1 1 1 1 1 1 1 1 1 1 1 1 1 1 1 1],
 [1 1 1 1 1 1 1 1 1 1 1 1 1 1 1 1 1 1 1 1 1 1 1 1 1 1 1 1 1 1 1 1 1 1 1 1 1 1 1 1 1 1 1 1 1 1 1 1 1 1],
 [1 1 1 1 1 1 1 1 1 1 1 1 1 1 1 1 1 1 1 1 1 1 1 1 1 1 1 1 1 1 1 1 1 1 1 1 1 1 1 1 1 1 1 1 1 1 1 1 1 1],
 [1 1 1 1 1 1 1 1 1 1 1 1 1 1 1 1 1 1 1 1 1 1 1 1 1 1 1 1 1 1 1 1 1 1 1 1 1 1 1 1 1 1 1 1 1 1 1 1 1 1],
 [1 1 1 1 1 1 1 1 1 1 1 1 1 1 1 1 1 1 1 1 1 1 1 1 1 1 1 1 1 1 1 1 1 1 1 1 1 1 1 1 1 1 1 1 1 1 1 1 1 1],
 [1 1 1 1 1 1 1 1 1 1 1 1 1 1 1 1 1 1 1 1 1 1 1 1 1 1 1 1 1 1 1 1 1 1 1 1 1 1 1 1 1 1 1 1 1 1 1 1 1 1],
 [1 1 1 1 1 1 1 1 1 1 1 1 1 1 1 1 1 1 1 1 1 1 1 1 1 1 1 1 1 1 1 1 1 1 1 1 1 1 1 1 1 1 1 1 1 1 1 1 1 1],
 [1 1 1 1 1 1 1 1 1 1 1 1 1 1 1 1 1 1 1 1 1 1 1 1 1 1 1 1 1 1 1 1 1 1 1 1 1 1 1 1 1 1 1 1 1 1 1 1 1 1],
 [1 1 1 1 1 1 1 1 1 1 1 1 1 1 1 1 1 1 1 1 1 1 1 1 1 1 1 1 1 1 1 1 1 1 1 1 1 1 1 1 1 1 1 1 1 1 1 1 1 1],
 [1 1 1 1 1 1 1 1 1 1 1 1 1 1 1 1 1 1 1 1 1 1 1 1 1 1 1 1 1 1 1 1 1 1 1 1 1 1 1 1 1 1 1 1 1 1 1 1 1 1],
 [1 1 1 1 1 1 1 1 1 1 1 1 1 1 1 1 1 1 1 1 1 1 1 1 1 1 1 1 1 1 1 1 1 1 1 1 1 1 1 1 1 1 1 1 1 1 1 1 1 1],
 [1 1 1 1 1 1 1 1 1 1 1 1 1 1 1 1 1 1 1 1 1 1 1 1 1 1 1 1 1 1 1 1 1 1 1 1 1 1 1 1 1 1 1 1 1 1 1 1 1 1],
 [1 1 1 1 1 1 1 1 1 1 1 1 1 1 1 1 1 1 1 1 1 1 1 1 1 1 1 1 1 1 1 1 1 1 1 1 1 1 1 1 1 1 1 1 1 1 1 1 1 1],
 [1 1 1 1 1 1 1 1 1 1 1 1 1 1 1 1 1 1 1 1 1 1 1 1 1 1 1 1 1 1 1 1 1 1 1 1 1 1 1 1 1 1 1 1 1 1 1 1 1 1],
 [1 1 1 1 1 1 1 1 1 1 1 1 1 1 1 1 1 1 1 1 1 1 1 1 1 1 1 1 1 1 1 1 1 1 1 1 1 1 1 1 1 1 1 1 1 1 1 1 1 1],
 [1 1 1 1 1 1 1 1 1 1 1 1 1 1 1 1 1 1 1 1 1 1 1 1 1 1 1 1 1 1 1 1 1 1 1 1 1 1 1 1 1 1 1 1 1 1 1 1 1 1],
 [1 1 1 1 1 1 1 1 1 1 1 1 1 1 1 1 1 1 1 1 1 1 1 1 1 1 1 1 1 1 1 1 1 1 1 1 1 1 1 1 1 1 1 1 1 1 1 1 1 1],
 [1 1 1 1 1 1 1 1 1 1 1 1 1 1 1 1 1 1 1 1 1 1 1 1 1 1 1 1 1 1 1 1 1 1 1 1 1 1 1 1 1 1 1 1 1 1 1 1 1 1],
 [1 1 1 1 1 1 1 1 1 1 1 1 1 1 1 1 1 1 1 1 1 1 1 1 1 1 1 1 1 1 1 1 1 1 1 1 1 1 1 1 1 1 1 1 1 1 1 1 1 1],
 [1 1 1 1 1 1 1 1 1 1 1 1 1 1 1 1 1 1 1 1 1 1 1 1 1 1 1 1 1 1 1 1 1 1 1 1 1 1 1 1 1 1 1 1 1 1 1 1 1 1],
 [1 1 1 1 1 1 1 1 1 1 1 1 1 1 1 1 1 1 1 1 1 1 1 1 1 1 1 1 1 1 1 1 1 1 1 1 1 1 1 1 1 1 1 1 1 1 1 1 1 1],
 [1 1 1 1 1 1 1 1 1 1 1 1 1 1 1 1 1 1 1 1 1 1 1 1 1 1 1 1 1 1 1 1 1 1 1 1 1 1 1 1 1 1 1 1 1 1 1 1 1 1],
 [1 1 1 1 1 1 1 1 1 1 1 1 1 1 1 1 1 1 1 1 1 1 1 1 1 1 1 1 1 1 1 1 1 1 1 1 1 1 1 1 1 1 1 1 1 1 1 1 1 1],
 [1 1 1 1 1 1 1 1 1 1 1 1 1 1 1 1 1 1 1 1 1 1 1 1 1 1 1 1 1 1 1 1 1 1 1 1 1 1 1 1 1 1 1 1 1 1 1 1 1 1],
 [1 1 1 1 1 1 1 1 1 1 1 1 1 1 1 1 1 1 1 1 1 1 1 1 1 1 1 1 1 1 1 1 1 1 1 1 1 1 1 1 1 1 1 1 1 1 1 1 1 1],
 [1 1 1 1 1 1 1 1 1 1 1 1 1 1 1 1 1 1 1 1 1 1 1 1 1 1 1 1 1 1 1 1 1 1 1 1 1 1 1 1 1 1 1 1 1 1 1 1 1 1],
 [1 1 1 1 1 1 1 1 1 1 1 1 1 1 1 1 1 1 1 1 1 1 1 1 1 1 1 1 1 1 1 1 1 1 1 1 1 1 1 1 1 1 1 1 1 1 1 1 1 1],
 [1 1 1 1 1 1 1 1 1 1 1 1 1 1 1 1 1 1 1 1 1 1 1 1 1 1 1 1 1 1 1 1 1 1 1 1 1 1 1 1 1 1 1 1 1 1 1 1 1 1],
 [1 1 1 1 1 1 1 1 1 1 1 1 1 1 1 1 1 1 1 1 1 1 1 1 1 1 1 1 1 1 1 1 1 1 1 1 1 1 1 1 1 1 1 1 1 1 1 1 1 1],
 [1 1 1 1 1 1 1 1 1 1 1 1 1 1 1 1 1 1 1 1 1 1 1 1 1 1 1 1 1 1 1 1 1 1 1 1 1 1 1 1 1 1 1 1 1 1 1 1 1 1],
 [1 1 1 1 1 1 1 1 1 1 1 1 1 1 1 1 1 1 1 1 1 1 1 1 1 1 1 1 1 1 1 1 1 1 1 1 1 1 1 1 1 1 1 1 1 1 1 1 1 1],
 [1 1 1 1 1 1 1 1 1 1 1 1 1 1 1 1 1 1 1 1 1 1 1 1 1 1 1 1 1 1 1 1 1 1 1 1 1 1 1 1 1 1 1 1 1 1 1 1 1 1],
 [1 1 1 1 1 1 1 1 1 1 1 1 1 1 1 1 1 1 1 1 1 1 1 1 1 1 1 1 1 1 1 1 1 1 1 1 1 1 1 1 1 1 1 1 1 1 1 1 1 1],
 [1 1 1 1 1 1 1 1 1 1 1 1 1 1 1 1 1 1 1 1 1 1 1 1 1 1 1 1 1 1 1 1 1 1 1 1 1 1 1 1 1 1 1 1 1 1 1 1 1 1],
 [1 1 1 1 1 1 1 1 1 1 1 1 1 1 1 1 1 1 1 1 1 1 1 1 1 1 1 1 1 1 1 1 1 1 1 1 1 1 1 1 1 1 1 1 1 1 1 1 1 1],
 [1 1 1 1 1 1 1 1 1 1 1 1 1 1 1 1 1 1 1 1 1 1 1 1 1 1 1 1 1 1 1 1 1 1 1 1 1 1 1 1 1 1 1 1 1 1 1 1 1 1],
 [1 1 1 1 1 1 1 1 1 1 1 1 1 1 1 1 1 1 1 1 1 1 1 1 1 1 1 1 1 1 1 1 1 1 1 1 1 1 1 1 1 1 1 1 1 1 1 1 1 1],
 [1 1 1 1 1 1 1 1 1 1 1 1 1 1 1 1 1 1 1 1 1 1 1 1 1 1 1 1 1 1 1 1 1 1 1 1 1 1 1 1 1 1 1 1 1 1 1 1 1 1],
 [1 1 1 1 1 1 1 1 1 1 1 1 1 1 1 1 1 1 1 1 1 1 1 1 1 1 1 1 1 1 1 1 1 1 1 1 1 1 1 1 1 1 1 1 1 1 1 1 1 1],
 [1 1 1 1 1 1 1 1 1 1 1 1 1 1 1 1 1 1 1 1 1 1 1 1 1 1 1 1 1 1 1 1 1 1 1 1 1 1 1 1 1 1 1 1 1 1 1 1 1 1],
 [1 1 1 1 1 1 1 1 1 1 1 1 1 1 1 1 1 1 1 1 1 1 1 1 1 1 1 1 1 1 1 1 1 1 1 1 1 1 1 1 1 1 1 1 1 1 1 1 1 1]];
 
 CPF = [[811818335 864407135 868277236 846623616 889429937 829018945 864486380
  863843892 814272972 838117488 886425297 837475690 884372338],
 [842945679 833644808 878255516 849374752 896971597 896317233 880898148
  880765654 816244823 833314671 882569489 880818035 809926968],
 [867379197 817032313 882257240 860554074 827023630 874799221 816100348
  851059473 845768216 838758315 812049405 833142595 844549240],
 [889830772 899363797 896356329 898051104 879401356 837577989 881579373
  857547003 860622434 860817749 885958151 828100129 882424391],
 [831285202 897772147 890062639 814271669 860707852 804429419 870434066
  899853169 874579353 897439199 849055986 824099309 817137121],
 [868488669 899730634 866210376 800410808 834939318 837315847 858990229
  838305322 889341611 833823590 857544271 899878958 864289081],
 [872091509 851794675 875999049 818989180 846929035 842958901 812489696
  865416914 815735571 866498277 827960831 864388025 826351123],
 [816643850 822531151 861503004 810395972 890322926 871580887 837194516
  844554068 807064222 871508270 830728915 817385819 804895402],
 [811497381 840180110 862525391 831179595 811821894 834258807 892864830
  890849796 886699251 848530879 828451059 845103942 864478495],
 [835543389 864103137 871221458 875357303 811951836 847636537 834382155
  862781286 809355119 874548536 862449423 891995894 819310953],
 [811190692 847358516 857299187 865501495 821840551 853075062 882051257
  830558630 825349267 848454941 880734352 814736476 893369713],
 [880937093 892249953 823197851 849290048 886331958 805282701 894693153
  854271061 811108054 876138630 886157179 891793403 815193114],
 [831667639 864180634 810655031 891935255 899392514 895916948 879465061
  865447689 884510227 841172711 863319665 814961758 814384007],
 [863169121 822829951 868466395 897603471 887689183 884361442 858288197
  884183643 821241511 846588137 886184756 827082139 804060339],
 [836077035 848342056 896149786 812769814 834788506 852087102 816529063
  875482339 854829101 894968614 825474815 866580159 893369525],
 [821691601 879395432 848676136 851732811 817155020 863062092 827390908
  893739645 843933195 870666508 861051581 868865872 890091572],
 [832858364 891222809 847911885 813705973 881518708 829234904 885783577
  823301283 887871632 816433083 861250940 803303750 850175512],
 [865704180 806486758 809883443 885238636 864617650 864945143 827800422
  847853785 898011503 897225108 811642654 887475072 826799462],
 [861500085 894143116 824028282 827877292 820866087 819610383 855754433
  830701644 827712251 818354409 846581296 836221153 880274022],
 [894778446 829680280 895484735 854543745 838033480 828907377 834935868
  858220180 863371811 841319873 848748632 833497949 872168258],
 [853812739 863259627 877139970 835300473 803220807 880085631 879656729
  828779144 840093090 840134385 897693105 800552729 804814444],
 [851156549 878858548 855376572 869734243 877545767 818680859 803491220
  865805221 858751959 897055360 811417170 823793204 855435043],
 [822622273 831247396 885772568 843194379 877287793 896727554 847836465
  841679628 845300751 856130463 856219872 818263867 849170902],
 [862291049 893482964 808054871 859075441 802524633 825433691 803087837
  884721860 868550981 887408446 802992603 890461481 807352075],
 [890730895 880068379 826055088 879247046 874229097 813349442 828866332
  824381765 872858897 843887481 875356920 899394405 870033631],
 [890719918 805897286 886920113 856517913 836522858 826956748 864481878
  840907360 824464027 854960196 828399054 820950933 801770089],
 [807383701 887917531 800277982 867565676 841065509 892906582 881149577
  839927933 885384040 861806462 818199743 808596420 881600438],
 [898215692 869227270 808357786 832690892 870672921 880601692 860305580
  884755975 841785410 863770203 858256464 896127542 878742732],
 [845000711 885816943 855733745 813718210 822403528 868687068 833395263
  833233650 850259054 818126771 832204521 864035864 830537674],
 [889749933 820184703 853023113 858998057 888739059 812924940 801983620
  892513441 889102173 848598009 884083894 889278345 800506899],
 [857013813 842990264 822816311 840483334 825784415 861259212 803450857
  817662068 834474142 821541059 843383712 816992657 874920252],
 [836217729 868059174 883342416 868816972 838499591 887458015 851331152
  839235062 874133555 868398496 838205424 835703897 818885420],
 [865709601 803176225 835803451 879270457 833120554 867789697 801853530
  803371579 860719268 892774335 860474789 874424524 857420320],
 [837864806 891853087 822317955 813936303 898266422 844964025 801406446
  894202674 855862990 851230578 834294511 857962173 815026073],
 [869981071 835240272 898219929 882081322 861802338 899635470 802336480
  890055866 801686869 849417272 864137074 813614628 827180421],
 [845443724 833188794 812139625 800166912 805254413 893854197 812906188
  836521976 807134423 800494518 837937702 873190764 866400306],
 [848918064 862915628 812217133 855130600 828612353 848371572 885184806
  867027391 881223010 833138622 890834488 816762331 862129014],
 [849669833 830720291 808040027 875004280 848859354 895945093 813964407
  839599451 807269621 895750956 819290500 850816127 846650109],
 [831249496 899059494 853459200 888176744 857605683 882106772 840349417
  838255938 878176121 865511851 823405081 809800340 801470584],
 [846911534 853500900 895649539 895191357 861557200 881698529 892205551
  860782458 893741808 840222347 809903790 863488248 811943963],
 [810526432 878572581 867892524 875741191 874588249 803384880 898425570
  891244640 889719192 877230362 846729284 889423826 816557232],
 [893041513 824389883 849973423 861188989 854595425 890326425 868060223
  848686267 868070143 805156972 806380298 858262471 855631179],
 [833392483 847539601 800887029 817189191 852344699 819392678 805157990
  836846982 896258914 845962262 894926687 846790710 805714475],
 [811804598 819009013 885297320 851031409 805843016 829741605 828137149
  850803216 803763686 876310312 857287297 812442384 848019546],
 [872391867 856627927 812786873 870513483 844268855 892898431 870811499
  867741447 839182263 884785708 831823803 862598976 825013967],
 [853697178 831665387 899957371 826071470 814658869 882548349 880106357
  814987896 872445158 879897326 836741826 856606040 809580243],
 [839882366 865882295 808101165 842623653 869203731 899474176 826072613
  897122222 854883798 846838441 853709627 801445598 816837016],
 [869088211 800178657 813055388 870118062 830967571 828193713 883870249
  801219543 899820835 865283401 830293356 872292070 861792819],
 [806909785 870118200 804222605 840591686 890555008 890681945 855119076
  840761542 831944575 875838938 809078944 885091154 833062176],
 [859900310 855834273 820546396 817394071 836314391 892431607 801325648
  894224935 810791480 860417083 896385134 861447534 870874708]];
 
 //CCF = [7650000 7200000 6750000]; // 3% du cout d'établissement globale de l'unité de production/'
  
 ACF = [830501501 867308961 560841946 564370435 457790470 747270178 788651827 818379904 373398426 822363866 878655438 484848994 457845926];
 
 VCF = [296 193 476 478 440 458 487 305 255 118 250 118 310 453 372 182 285 456 113 155 143 407 313 345 213 103 160 275 428 346 303 281 379 203 183 417 490 149 455 260 150 309 216 490 173 166 326 331 330 237];
 
 EMP = [0.22791904 0.9719444  0.80221948 0.29215082 0.73490048 0.10549275 0.45736469 0.65936865 0.62678061 0.73863641 0.37057608 0.47577953 0.25288937 0.22014944 0.2695033  0.45101624 0.35492967 0.85901106 0.69884289 0.72439087 0.11848098 0.77823293 0.54796335 0.96706153 0.86937835 0.59967592 0.87413829 0.75247263 0.20120891 0.71835449 0.81903426 0.12519808 0.36144925 0.24297994 0.49268065 0.87111788 0.72401419 0.5602924  0.45108388 0.43574711 0.17688525 0.30593564 0.27138578 0.45766268 0.72979375 0.46440088 0.26075685 0.622953970.74945141 0.52550849];
 
 CPW = [[866439079 868513042 889534983 815052703]
 [815462342 899794848 875034868 804094471],
 [865234956 806662032 881827366 802658491],
 [878271455 852860855 814187774 804784597],
 [858253716 895618667 826441173 806667265],
 [837609297 887069438 838062264 829044550],
 [871166866 809638645 891330482 870681168],
 [882887978 805731653 871279318 863980034],
 [846210717 812277816 871153683 811272177],
 [865700300 874959556 864339520 816329916],
 [895899576 875865884 817935480 873458958],
 [813477044 898082927 844939667 867888823],
 [810404002 840727221 840437642 840250500],
 [881769315 848586135 835324370 892163800],
 [807054173 821858890 862081075 840852435],
 [863831985 813618023 853861653 851457207],
 [802084542 852350735 867976115 826083922],
 [804870978 805694868 894962410 822261443],
 [898663117 885508548 814327378 822207668],
 [896457435 893299728 847262075 898231730],
 [823866179 840610184 804236663 844794358],
 [821029906 800297061 873382068 849637380],
 [839490458 803403759 821203872 864698847],
 [803931488 818127739 810617161 861114063],
 [828337418 880810804 819226346 881027895],
 [860530419 852315205 866668552 822132401],
 [822068098 875082103 894967302 895769255],
 [813511368 829129088 810067746 842127692],
 [816424762 888109036 826413227 885502991],
 [873408988 812422840 857465309 890785345],
 [869818848 878067646 822680446 828415750],
 [837592098 842693728 855418624 881407845],
 [838606034 856415015 869319793 865136652],
 [850049583 868504122 857799619 856658374],
 [847512888 839442838 892281351 816208815],
 [810274651 832188302 843537611 872688589],
 [861320366 855535920 879213951 806647186],
 [834417486 882289237 850342235 815027407],
 [803912327 815519774 820867842 819444132],
 [877056823 883789944 851831132 842050146],
 [858364825 888233430 805405814 837713160],
 [859255060 899235667 829182245 836760758],
 [804634820 858401196 889205222 860134582],
 [877400625 826806192 839715337 823729582],
 [839139786 875684524 808814571 864265145],
 [892681826 860591330 873505426 875290491],
 [885884939 828320065 813394510 881442833],
 [879573338 844699978 884518173 898677207],
 [827684521 855491209 838751460 867143789],
 [861182705 864088174 846790081 825171964]];
  
 //CCW = [1260000 1440000]; // 3% du cout d'établissement globale de l'entrepot/warehouse''
 
 ACW = [51491011 75430059 64233749 52510355];
 
 TCS = [[[13.09886584 14.72887745  6.91971994],
  [ 5.62079166  9.97830284 11.1304421 ],
  [ 9.16281146  7.40503798 13.52880326],
  [ 4.52878755 13.17343683 10.28197995],
  [10.79079165 13.93010805  7.11207404],
  [ 9.92340145  7.06443332 11.13078637],
  [ 0.89405223  5.47452694  8.50584949],
  [ 3.62184471  7.84289987  6.61816732],
  [11.11964151  1.59228208  5.24693458],
  [ 3.71664326 13.69097531  5.22578107],
  [ 4.10206533  4.37393423 13.36347769],
  [ 1.25962945  2.61438547  0.76527079],
  [ 6.72984231 12.42842316  2.7860931 ]],
 [[ 4.69954061  5.06513348  6.36959552],
  [ 3.43777527  7.09002914 10.40700634],
  [ 8.36728043 13.8729874   0.7883065 ],
  [12.75024183 13.57788056  8.74226559],
  [ 1.93637678  8.83816603 11.44096222],
  [ 7.81831122  4.0914014   7.44470381],
  [10.0859607   6.18391251  3.31314551],
  [ 5.77797513  2.85054489 14.17356633],
  [ 1.73535581 10.22699636  7.20045503],
  [ 6.79792249  1.32372638 10.27252169],
  [ 4.34682768  4.6417078  10.7384546 ],
  [ 0.54031142  9.60921211 12.17330059],
  [10.78355461 10.17872482  8.89332832]],
 [[ 0.81916015  3.75558125  6.1686922 ],
  [ 4.3149115   2.10264889  7.77079221],
  [11.59332736  0.71733777  1.57824976],
  [ 6.05565459  9.36695936  1.38135323],
  [ 1.6350412   6.48976939  9.75974626],
  [ 5.67736629  2.13614813 10.12447855],
  [ 5.60400874  9.57399138  5.88659431],
  [13.00491349  0.79045123  2.9224101 ],
  [ 2.24882279  0.62602104  9.47210877],
  [10.68114003  7.13776891 10.2882933 ],
  [12.14307741  5.51431554  0.88564023],
  [ 5.99062719  9.04136122  2.57682099],
  [13.06439902  3.67675948  9.91126101]],
 [[ 9.35602522  2.34267808 13.05924318],
  [ 3.63694669  7.56846982 11.23469606],
  [ 6.32995834 10.99395371  6.07146766],
  [14.91590702  6.08604423 14.86307809],
  [ 1.92247331  5.94272181  1.39280204],
  [ 6.49309203  5.89909334  7.8922671 ],
  [13.37907462  7.24523798  2.49523773],
  [ 2.34044474  3.777471    5.8225429 ],
  [ 3.61189027  8.4577265  12.61165738],
  [11.39566385  7.87033604  7.59879474],
  [ 1.06101002  5.32896122  9.0411238 ],
  [ 4.03595357  7.14925292 12.794004  ],
  [14.77659011  1.92641969 13.16704408]]];
 		
 DTS = [[[ 65.89366981 117.6798027  103.03730062 107.37615621 140.96218753
   132.64538478 115.93887785  92.77091446  89.90991889  23.1320441
    20.77269543 132.37082985  69.6389883 ],
  [101.06203387 108.28344207  17.67381556 112.87164735 141.42294227
    16.46952937  89.64915017 129.24182713 118.27022166  67.02348427
    90.12565459  20.5087286   38.13510689],
  [ 91.18073487  68.08766264  73.91588285  56.56864171 122.65034204
    49.7510307   47.88537558  72.42402375 113.81653898  42.28288707
    29.44528338 118.91913454 126.62388376],
  [  9.10572864 141.97928179   6.95800542 140.50578407  43.96773724
    93.47743772 129.25245211 130.77277635  74.28036667 110.11912047
    88.84173051 137.56669836 111.42966611]],
 [[ 31.70306938 122.46069938  48.47678461  71.19275172  42.73481552
    54.03261095  92.45775624  89.06018089 113.34442645 141.27536544
   138.37241273 117.33916606  54.99918934],
  [ 59.64564135 137.58727847 121.02969436  49.51650693 110.07518699
    37.15634466  80.50110917  53.49975245  90.16599792  27.37006798
   116.65183135 126.19313648  78.22218553],
  [ 29.56094521  22.68617311  23.3004399  143.95399559  84.84092623
   109.09199061  12.96455693  67.08274105 146.38971164  58.5948326
    33.14423716  37.68496858  10.83533303],
  [ 15.95873722  93.79383557 105.00869266  74.01014597  97.13446074
    40.9679206   55.41198523  70.87507642  34.62002504  80.30447859
    93.03584739  55.46883972   4.13715449]],
 [[126.91756453  60.4365481   36.72118589  79.29419964  44.52736548
    22.1835664  101.58025324 111.92905832  19.64746436 110.96390127
   111.38519572 123.46525713  67.50867482],
  [ 75.33463029  78.50547857  34.63752152  95.49550723 115.56971266
    19.72897164  34.38272249  94.65086557 122.78040091   7.56648585
   147.04801159  82.03527219  64.39355199],
  [ 64.28447911  72.02151026  31.50822923 118.47520431 128.84789256
    38.91809957  44.17206877  29.21821683  15.7752001   65.43148082
    29.4530777   99.34500334  75.93386567],
  [ 49.92031641  12.19786798  28.42303239  30.18000995 100.44850518
     5.35903366  34.34171984   2.72911424 132.84592734 149.58617285
   121.43219956  52.36559059  78.1151882 ]]];
 		
  DTF = [[[ 47.44525168 154.34411679 113.52577277 249.69464684],
  [250.6544553  210.31472199  33.24258929 231.73481532],
  [234.38593247 207.24588411 243.18913408 162.56002095],
  [286.71168608  82.53151938 270.40365858 202.13915489],
  [199.95403634 118.04557619 172.70540644 227.87401455],
  [138.15353482  91.23734905  63.86779944 222.75659582],
  [115.22527007  72.56692576 285.95678075 191.59961245],
  [ 37.70004365  31.52874009  98.44696819 232.36617562],
  [137.84456478  64.3874108  233.64680212 218.15979986],
  [ 45.19580511 175.6930309  284.44130971 294.35500109],
  [159.30372117 236.09711107 135.83199842 288.2268675 ],
  [116.63772594 211.31500611 236.38051111 269.30158663],
  [143.15940294 287.76510309  61.18588223 257.23761847]],
 [[182.7560934  295.1331291   49.89428491 286.25626429],
  [155.41335737 153.02434544  53.53879902  67.02137476],
  [101.71005415 274.12981589 105.95298106 157.48089282],
  [234.16086164 105.33130705 137.99536122  91.03738622],
  [273.7140005  202.56860344  93.28825993 225.56808984],
  [140.16529464 221.46866106  54.4707463  167.57947866],
  [164.29579348 100.81430797  43.54747243 249.65884625],
  [264.52175542 124.3049852  294.13043804 262.3436305 ],
  [165.38446428  50.3119184  141.41990111  39.83869746],
  [250.86478335 163.01616637 164.52945717 278.55472396],
  [281.85946281 193.42410973 297.02506817 208.18497974],
  [157.79280774 240.19230963 207.39979689 155.20669441],
  [ 84.95422118 139.07420393 181.58893349  44.41023896]],
 [[148.87961162 105.50716193 149.05327753  52.65670399],
  [267.35778605 128.91947628  74.69884329 254.04126242],
  [238.87272156 196.9737959   38.82096336  70.56081018],
  [290.4318448  244.62019631 205.53718336  92.20931341],
  [ 76.09233381 157.77029252  35.13123432 162.50202777],
  [250.07193008  86.27379435 201.14293421 236.36175658],
  [ 97.08130218 229.67032424 186.7879689  249.70308666],
  [ 41.02314262 129.24060706 154.43947783 206.49102549],
  [ 53.8233603  103.20730811 240.85787647  78.36957025],
  [288.44644796  86.02152979  61.62695627  88.55380135],
  [119.67776577 213.98432898 229.1939866  227.23931562],
  [211.43085307 289.99682092 261.64445197 172.40789478],
  [149.33261113  60.30454051 175.54929431 170.02403051]]];
 
  TCW = [[[133.32054411  99.27475786  46.27998677 110.83444893 141.2876593
    10.28031233   4.41353606  30.17204428 139.22224925  56.94687616
    87.32279595 118.31854669  61.78121755  71.79434037  44.72025267
    12.19130308 125.11795963  44.4448886   69.64463066  77.32581155],
  [100.7386489   85.7391072  148.02341803  33.19272308  22.65003995
    67.66311004  40.575688    75.47784787  54.56568847 138.32448552
   108.42984293  45.0159794   56.65930042  50.22083725 100.62645793
    68.06001308 119.7386995  136.01133926  63.60274717  81.765191  ],
  [141.6690352  117.64122747  11.06357452 103.57941011  57.97369287
   107.5368584  106.09290182  51.26728389  31.0312024   35.10592918
    68.44701259  30.68131395 102.16661847  50.19568859  45.65231393
    97.89043666  77.36472974 120.51351203 146.52134668   7.76186766],
  [ 24.97174801  88.24281999  43.0332579   72.62155648  51.36448702
    98.43432367 147.46347964  54.40788823 127.74537866  80.79601958
   118.25610479  64.58530335  61.88984254 125.33498506 109.23143087
    80.78988795  71.59929473 129.24810524  22.83576363 116.40393148]],
 [[147.3872369   81.26491477 145.06910436  70.97482115  43.04443103
   128.7545131   18.79246418   6.20027479  27.53020748 113.4725402
    46.07437112  52.95600613  82.91372638  23.8945185  115.80003006
    32.71909224  33.44485257  76.67833689  22.3598291  146.92354809],
  [  4.49965179  49.54677464 108.31462417  73.57157902  33.75709525
   124.8806845   73.83755738 143.30389837  18.8151207   50.5213068
    49.41642863  80.28545701 130.02716759 105.41644589  54.78692154
   147.84019165  89.23007915  11.59196707  93.42537879  94.87510466],
  [ 84.23584976  98.53009315 114.64439968  44.21574136  36.99902337
    31.47483822 127.31783244 113.89550302 115.17245548  10.40316832
   113.49492549 131.98904571 103.51890889  44.62498661  81.56184054
   132.02885638  21.97885218  35.96230369  19.78319142 148.53614318],
  [ 70.18108959 136.99890231  87.61730032 122.3625722  126.57267332
    26.28447762  19.86908696  44.0934204  111.87169788  92.02734496
    39.23431171   5.94887622  30.03373961 100.64981184 133.12975137
    44.84350147 113.18067799   5.66838611  37.414229    64.31584208]],
 [[116.5446055  108.73704679  57.1553968   59.29222485  29.04438315
    70.31515573  26.62952945  33.16467988  36.86510501  88.42282594
   149.36682878 144.81162835 138.54262678 101.41511909 114.12981971
   104.52586427 110.94973238  35.19285305  94.3228023   89.81559622],
  [ 16.15120164  90.69300441  39.14229766  41.30160644  67.5147663
    69.87561665  46.46046684 129.79486813 126.51271698  59.43908306
   148.96736    117.80081076  81.98069527  97.71121569  32.23468963
    67.97570378  86.27066125  71.81117552  88.31033599 146.94585004],
  [ 20.78310252  63.59442034  20.15692426  19.01298207  87.5966789
    59.23033916  16.34333105  47.88060146  65.11314226  41.80606931
    34.42864269  51.26599339 109.53200537  55.62913862  40.31075711
     7.82140435  96.95095539  85.28341719 120.06167756  12.93058499],
  [102.90215929 136.39906995  99.35442167  82.17948474 118.86802467
    32.03595989   8.21192396 111.992265    85.83327585 149.66541608
    37.86726975  65.74183212  64.37533253  46.292553   108.81723441
    51.61144865 112.93769927 140.64981425 146.95573762  66.32931339]]];
 
   DTW = [[[4985 8057 5983 1422  588 4274  405 5856 6651 2399 9519 7110 3408 2775
   6093 4475 8823  671  522 3902],
  [5771 8902 3758 4892 4493 6431 9727 9479 8375 3964 5323 7786 8359 5696
   6753 6661 7964 7772 6725 3497],
  [5104 8372 1877 8399 3763 5058 1423 2644 1481 2838 8719 4850  446 9438
   6384 4779 9385 9698  763  721],
  [2734 4463 4298  902  308 9076 7811 8940 1087 5369 2787 9830 5098 9105
   2486 1206 6772 1747 9724 7682]],
 [[9545 2197 2120 9447 7362 2227 8725 5249 7873 5006 6541 2076 5942  812
    712  849 4991 3626 1325 4030],
  [ 328 9109 6876 1718 5318 1940 6703 7587 7618 5996 2471 3764 2131 8369
   5603 2545  390 6695 2494 9870],
  [5056 4240 6203 3117  433 4588 7824 1743 4959 2568 2492  575 2385 8184
   5738 1674 2274 3266 1822 9608],
  [9841 5065 1214 1221 4864 7283 8771 2865  448 5896 1865 4552 1435 1880
   3206 9840 1353 8199 2404 7295]],
 [[9779 6417 8885 3693 4588 5667 5842  594  832 3957 1498 8534 6577 5320
   5428 1383 7875 4646 6108 7459],
  [7817 7698 6564 8747 9967 1225 4524 1814  779 4224 6475 4982  654 7527
   3011 8377 8448 8059 4903 3626],
  [5786 4584 9220  469 2772 6276 1138 2480 9182 2400 4198 8601 2503 5801
    942 8802 2190 5183 3875 6548],
  [6565 7528 7323 6841 7193 8483 3505 5150 7408 2774 8488 4539 2474 5801
   4046  369 7218 1494 1902 4802]]];
 		
  EMT = [0.06572495 0.04468889 0.05133375];
  
  DM =  [[14371 22384 25017 12278 17379  5068 19796  6291 12307 21872 10349  5324
   6368 23418  8070 13010 22855 28704 24025 27560],
 [11155  8811 21855  9244 20691 23786 18711 24972  9285 26718 17014 25952
  15862 28868 11893  9530 29430 27060  9671 11247],
 [14862 10163 22047 24560  5509 21632 26203 17789 16590 27578 26980 19132
  18339  5884 10057 28768 15475 12694 24283 17523],
 [17644 22650  7262 25279 23913 12981 13836 10344  7895 14936 20136 26137
  22202 15815 22022 15209  6953  6417 18029 17648],
 [20645 24452 13961 21657 25596 16345  5411 14359  5703 20567 23755 12025
  13160  9570 15482 15410  5637 11938  5277 14786],
 [17829  6197 28929 26815 23592 26536 18781 26854 21505 27230 25123 28451
  22080  8639 11794 19845 24161  7515 26378 14812],
 [13998 25836 25668 19351 28912 22022 18561 20403 29777  6917 18392 17860
  20771 15760  7346 12053 12765 29724  9944 16672],
 [28723 17983 23819 11720 27171 19848  6780 29914  5625  9951 10164  6306
  19418 28002 13796 14799 26390 25256 26964  5003],
 [12199 28659 29198 27705 14371  8753 11866 11469  9145  5637 24628 14004
  10390 10801 10401 27318 22136 14016  8402  7935],
 [10807 14787 18634 17528 21740 27157 13640 21930 16429 16824 18453 27649
  13209 25561 16662 27462 26084 29079 15171 28794],
 [13747 21702 17192 25284 29618 18500 17816 15065 14327  7132 25207 19164
  24689 25406 11789 21163 10428 28383  6495 25008],
 [17955 11733 24456 11805 19961 29735  9261 10497 25616 13424 25609 16531
  27894 10538  8917  9512 28115 24759  5776 16037],
 [ 7331 10059  6269 10209  7418  7741 18119 29404  5541 26113 17583  9771
  29528 22134 24376 27021 27398 28064 23737 24515],
 [27645 11429 12402 14852 18163 15942 10768  7930 28424 19695 26053 20307
  10293 25493 16340 19326  7028 17253 14196 27074],
 [20252  9515 18239 16566 17897 12047  6553 25245 20028 15801 25520 13377
  10279 19718 24041 22611  5865 27965  8945 28145],
 [ 9371 10378 26498 16517 14803  7159 28478 12403 29642  9502 11508 17955
  16005 11542 24228  9341 27112  6287  6943 29800],
 [29957 26078 19045 21443 15682 16548 15707 12016 16668 22245 19712 24116
  24457 21399  5764 19000 22502 28426 16664 27496],
 [18395 18082  7976  7641 19173 18968 11419  6872 17976 24636 28129 18125
  15241 21321 21621 22904 15291 18369 27113  8862],
 [23301 21610 26940 15201 11542 20861  6681 20324 15523 25607 27083 14144
  15407 26405 12450 14903 13782 17178 10094 25537],
 [29454 28969 19298  7636 12305 18102 11933 12040 24851 27942 22642  7229
  10776 29321  7021 12075 20914 21865 28308  6261],
 [28872  7446 11700 14281 15894  6517 21568 21118 24130 27052  6946 11518
  23612 14986  9090  9453  7364 17728 27571 11711],
 [11742 15589 28987 10646  6669  8019 19962  6974 26021 26498 13118  8071
  18623 10226 27959  7582 13633 15603 20708 23630],
 [15757 27140 28216 18933 27967  9025 21603  6171 22955 27917 26642 25228
  17934 15930 22341 17642 29847 29608  8507 26456],
 [22359 26025 13868 24506 26595 13389 29138 29391  5959  6331  8646  5347
  17820 14069  7393 23100 16721 13080 29427 26951],
 [19976 17131 26864 19260 18015 15234  9853 23976 27808 28856 20220 16344
  22656 10897 28646 26030 24889 25456 19167 13334],
 [18363 29522 12967 11044 17833 21008  6392 17143 17059 20774 11506 23793
  18541 17051  9940 14826 26675 22329 18806  8917],
 [ 8231  8525  5581  5428 12659 23073 25234 23596  9717 23314  7169 12656
   5095 17291 21109 17727 23639 16310 14003 26780],
 [19899 29657 19409 24290 12008 23840 22059 29879  5510 28064 29634 11013
  15498 25108 29454 10127 11365 18517 25232  7797],
 [29430 11245 14010  5177  9534 14998 22383 22979 18189 23908 23153  8277
   5762 16963 16139 20801 11245 20119 25063 28984],
 [11640 15316  5372 25488 22677  9747 28186 17222  9423 18378 21074 12423
  25400  7986  8822 14841 14700 17794 10535 25284],
 [22221 12649  5044 25350 19601 29898 27999  7587 17114 29333 16015 19775
  27685 15935 14275 19171 25316 24655 16690 24695],
 [24822 12480  7300 16365 24469 20314 21868  9850 17489  6500 19128 10276
  29431 22017 19524  7726 13599  6043 29511 26601],
 [10561 16225 16612 27418  9939 18121 23115 14334 29418 16824 22751 24829
  12639 27429 12423  9021 16624 24777 12539 28174],
 [ 5416  6023 28773 17001  5987 10612  9977  8107 20786 23522 26818 20390
  19142 21233 10905 10429 24309 19568  6917 23364],
 [ 8284  7838 21425  9228 12923 11136  5011 12708 20711  7072 17368 17877
  23788 20165 16180  7501 17217 24417 16223  6400],
 [18959  5482 27526 20849  6603 20600 25728 21128  9224 12463 29331  7320
   5158  6528 16328 10223 15494 16112  8767 21769],
 [27695 20516 26631 19453 11474  8725 18585 25014 12338 29627 22651 26310
  24773  6105 25245 25262 11709 11171  6433  8005],
 [ 6846 16788 16699 27148  7342 18833 25410  9629 24537 11610 16268 29592
  12103 23913 17401  9532 10932 12524 11640 11244],
 [12728 23884 21307 15373 10184 17791 22855 12991 28380 15339  6336 23652
  15396  5192 28594  5921 26533 24421 25413 21579],
 [11931 28653 11718 29314 29247 19787 10464 12445  5534 15995 18170  6714
  19288 24517  8403 20697 10120  8502  6257 15627],
 [19145 17058 11552 10780 23867 23884 24708 14890  9726 13344 16280 13900
  20860 15808  5735 12694 22093 14879  7212 23325],
 [17286  5716 19980 25598 24447 13217  6750 14459 25611 24990  5754 16463
  11291 17016 28832 28581 12927 12095  6432 13052],
 [17433 27424  5596 21019 18666 18971 15307 25648 23697 21226  5991 24609
  10056  7214 12276 14357 27396  7983 14073 15250],
 [15544 25758 28232 23621 15647 20448 14057 20002 10350 21495 11633  5295
  29996 28179 18433 16281 15559 20651 20507 12835],
 [ 8595 20055 22427 16085 25331 16944 16730 18563 14797 29899 17349 15023
   8856 21489 23553 16537 18043  9843 13281 20062],
 [29426 23558 18264 11155 29537 10089 10972 20061 21155 27304 27653 26449
  18389 13447 11990 13412 14969 25695 21894 19879],
 [10471 12912 25656 28551 23423 29512 25794  8395 24262 13257 20351 11304
  22554  5966 23680 11328 13952 20965 28806 19757],
 [24725 28089 13581 11352 24556 20855 14754 26671 22868 26792 25658 11888
  14707 27908  9808 11944  5554  9057 10393 15896],
 [20258 26315  5547  8109 14111 22983 24470  9933 21400 27742 18015 18583
  29173 13833 11668 22555  5707 13181 10421 27876],
 [25205  5707 11170  8730  5707 15604 10140 21666  9102 22596 15397  5984
  12523 29126 28090 11916  9424  9253 11922 12571]];
  
  
  TCF = [[[11.00828396 27.54570347 14.63813178 42.67730426]
  [44.74186341 24.69622322 28.893418 7.0195051 ],
  [ 8.37692566 20.50725159 48.400527 12.79616362],
  [20.22413066  9.08959382 25.39296639 31.98368518],
  [32.19919077 45.04324369  6.18952792  6.69452276],
  [ 7.6807078  47.18314104 23.28334701 40.73484689],
  [41.36093705  2.44662695 35.46284186 23.50223145],
  [48.49292677 48.73623727 36.29969531 32.73501905],
  [ 4.79798918 23.05631463 23.74013739  3.40241099],
  [16.33110542 16.82996822  2.66211944 31.22345118],
  [18.4108798  28.69662561 26.85308147 30.29488185],
  [13.70732232 30.32228224 24.58775119 12.83101194],
  [12.72976114  9.58074231 24.09231861 39.62586944]],
 [[17.72209265 20.04372317  4.28864161 47.60054709],
  [43.14733206  6.0699399  36.06237053  2.2356704 ],
  [48.58749374 46.76848271 45.39118223  4.66839716],
  [15.25970723 40.2161349  30.04631316 44.46946243],
  [ 5.80053207 18.4703662  17.55530177  6.27897155],
  [31.4477739   9.90798744  3.40491662 49.51521561],
  [21.62351004 15.69578314  2.09330321 48.85611667],
  [41.52525431 23.98543624 30.11019651 41.44099761],
  [47.48370309 46.0962129  35.9136138  45.09654071],
  [31.26883293  5.38888388 48.94427733 37.26900858],
  [38.80043962 36.24489437 25.45557116 38.16267737],
  [22.50090852 25.40473877 15.70154486 28.70281266],
 [ 3.21180701 11.88496698 36.89926449 38.23930946]],
 [[38.44459495 26.2985353  14.41001962 22.34585515],
  [18.92901047 39.79317513  3.93973253 37.23502475],
  [29.83530534 39.55361433 32.29039738 10.70735065],
  [14.03026143 26.14914812  7.31106908 12.38463666],
  [23.57900449 27.85607262 37.714572   31.70470271],
  [26.08263588 28.97339405 15.73814936  8.83099016],
  [25.06963547 35.58009358 27.52041328 31.61290282],
  [20.926937   39.49332646 43.05077229 11.27431816],
  [ 2.02256784 34.29645115 10.31420086 15.60044521],
  [38.28687777 21.72298479 29.66071795 27.6704102 ],
  [20.16087797  3.44542107  7.44497586 10.07383073],
  [17.15088949 24.09128425 33.63446619 33.57163323],
  [25.16967288 25.01126963 33.26494279 12.23205486]]];
 	
 
  //DM =  [[1000 1000 1000],[2004 1005 1900],[1090 6900 8870]];
  
  
  
  